0.000000000000e+00
-5.318304342529e+00
-5.318304342529e+00
-1.069100981406e+01
-1.069235592555e+01
-1.074269280614e+01
-1.610318936324e+01
-1.610318936324e+01
-1.617072427487e+01
-1.617072427487e+01
-2.154426626012e+01
-2.154431873730e+01
-2.161721002941e+01
-2.162133048631e+01
-2.165274788872e+01
-2.700971160589e+01
-2.700971160589e+01
-2.708792221207e+01
-2.708792221207e+01
-2.713753193466e+01
-2.713753193466e+01
-3.249564186427e+01
-3.249564483471e+01
-3.257367226921e+01
-3.257403709079e+01
-3.262569833610e+01
-3.263402967294e+01
-3.265338943313e+01
-3.799857930210e+01
-3.807062250167e+01
0.000000000000e+00
1.194054027610e-01
1.194054027610e-01
2.442945166249e-01
2.432311652183e-01
2.444503357783e-01
3.727355756919e-01
3.727355756919e-01
3.730820192040e-01
3.730820192040e-01
5.058011574465e-01
5.057185856922e-01
5.061620586685e-01
5.029034664085e-01
5.039402973662e-01
6.414081182747e-01
6.414081182747e-01
6.337089203525e-01
6.337089203525e-01
6.261148814692e-01
6.261148814592e-01
7.753089320458e-01
7.752998353872e-01
7.427186120049e-01
7.423664221787e-01
7.067763022787e-01
6.999210990716e-01
6.853997713415e-01
8.954521423775e-01
7.801850559617e-01
-2.807946982779e+01
-2.821960912891e+01
-2.821960912891e+01
-2.836656017034e+01
-2.836652680483e+01
-2.836595368358e+01
-2.851875359386e+01
-2.851875359386e+01
-2.851414476701e+01
-2.851414476701e+01
-2.867104140076e+01
-2.867111308197e+01
-2.864754755300e+01
-2.864738700486e+01
-2.863561307476e+01
-2.880595456813e+01
-2.880595456813e+01
-2.870070644523e+01
-2.870070644523e+01
-2.860841808453e+01
-2.860841808459e+01
-2.887202679888e+01
-2.887202503876e+01
-2.846991813509e+01
-2.847265948897e+01
-2.800810438722e+01
-2.800502232067e+01
-2.779857572003e+01
-2.873258252948e+01
-2.737984331426e+01
1.516818186773e+02
1.520432634147e+02
1.520432634147e+02
1.524194350666e+02
1.524194020164e+02
1.524146355013e+02
1.527927277662e+02
1.527927277662e+02
1.527456585536e+02
1.527456585536e+02
1.530961862756e+02
1.530962556375e+02
1.528162044824e+02
1.528153533730e+02
1.526676117140e+02
1.531147074601e+02
1.531147074601e+02
1.518407600300e+02
1.518407600300e+02
1.507150920999e+02
1.507150922188e+02
1.522484243099e+02
1.522483838645e+02
1.474813788675e+02
1.475124598148e+02
1.420672607117e+02
1.420367300576e+02
1.396290756888e+02
1.489214316704e+02
1.329597482714e+02
-4.956863192862e+02
-4.970232388857e+02
-4.970232388857e+02
-4.983712084315e+02
-4.983710962080e+02
-4.983117686684e+02
-4.994950199980e+02
-4.994950199980e+02
-4.988846730567e+02
-4.988846730567e+02
-4.995333504462e+02
-4.995341673476e+02
-4.959332350359e+02
-4.959238712314e+02
-4.940292515591e+02
-4.958819999236e+02
-4.958819999236e+02
-4.801478571806e+02
-4.801478571806e+02
-4.664593786235e+02
-4.664593807617e+02
-4.815750063042e+02
-4.815773980868e+02
-4.246112641649e+02
-4.251156907518e+02
-3.609849062608e+02
-3.606669118819e+02
-3.325234592548e+02
-4.377018751004e+02
-2.430066745841e+02
